6.0010000e+01
5.8790000e+01
5.8400000e+01
5.7500000e+01
5.7000000e+01
5.6470000e+01
5.6320000e+01
5.5970000e+01
5.5780000e+01
5.5120000e+01
5.4290000e+01
5.4210000e+01
5.4040000e+01
5.3800000e+01
5.3720000e+01
5.3580000e+01
5.3540000e+01
5.3260000e+01
5.3010000e+01
5.2990000e+01
5.2730000e+01
5.2680000e+01
5.2200000e+01
5.2160000e+01
5.2110000e+01
5.2030000e+01
5.1990000e+01
5.1880000e+01
5.1800000e+01
5.1770000e+01
5.1640000e+01
5.1570000e+01
5.1410000e+01
5.1350000e+01
5.1060000e+01
5.1010000e+01
5.0980000e+01
5.0710000e+01
5.0670000e+01
5.0510000e+01
5.0330000e+01
5.0310000e+01
5.0250000e+01
5.0230000e+01
5.0220000e+01
5.0170000e+01
5.0150000e+01

